                      0              6578.1363                      0                      0                      0          9.60042852925          5.21260738893
          6.53634021292          6577.93922778          62.7510414244          34.0710345796       -0.0602993000841          9.60014092154          5.21245075992
           16.768638615          6576.83940622          160.975539112          87.4025690685        -0.154661001147           9.5985361459          5.21157679045
          27.9551101383          6574.53273803          268.332037437          145.692328362        -0.257718641699          9.59517212109          5.20974471936
          39.1875571338          6571.05755084          376.082439855          204.195881736        -0.361022317082          9.59010825358          5.20698690597
          50.4065624904          6566.42957757          483.637693556          262.593368966        -0.463954354552          9.58337264589          5.20331866502
           61.607798317          6560.65859209          590.937886313           320.85223026        -0.566406562212          9.57498632687          5.19875146195
          72.7215622785          6553.80054611          697.298240648          378.600636394        -0.667678363235          9.56503879312          5.19333405242
          83.7073405506          6545.91768406           802.31639211          435.620099677        -0.767347053108          9.55362950105           5.1871206177
           94.554013072          6537.06300733          905.873503548           491.84607755        -0.865266502814           9.5408450786          5.18015835367
          105.260916625          6527.28358269          1007.95231676          547.269182453          -0.9613919069          9.52676399553          5.17249001395
          115.832316864          6516.62116741          1108.58386377          601.906248051         -1.05572799599          9.51145736644          5.16415434702
           126.27513326          6505.11245105          1207.82543595          655.788367121         -1.14830729268          9.49498923199          5.15518624918
          136.597632465          6492.78947724          1305.74785769          708.953981443         -1.23917741141          9.47741712582           5.1456170732
          146.808624594          6479.68016815          1402.42764429          761.444623641         -1.32839315488           9.4587928057          5.13547502638
          156.916980422          6465.80885385          1497.94226481          813.302344978         -1.41601167718          9.43916300124          5.12478557777
          166.931363905          6451.19674216          1592.36749077          864.568275662         -1.50208970932          9.41857008193          5.11357182186
          176.860064326          6435.86236705           1685.7757266          915.281718272         -1.58668178757          9.39705269657          5.10185482679
          186.710917403          6419.82196754          1778.23520466          965.479710605         -1.66983934797          9.37464631398          5.08965392883
          196.491287055          6403.08979054          1869.80976822          1015.19690778         -1.75161040685          9.35138365598          5.07698696805
          206.208055036          6385.67837845          1960.55874006          1064.46551084         -1.83203935716          9.32729510711          5.06387051154
          215.867656446          6367.59876151          2050.53724252           1113.3154405         -1.91116719488          9.30240898999          5.05032000324
          225.476097339          6348.86066293          2139.79633611          1161.77441234         -1.98903160127          9.27675185713          5.03634992291
          235.038992437          6329.47264066          2228.38337504          1209.86812982         -2.06566722968           9.2503486932          5.02197389623
          244.561601279           6309.4422125          2316.34232344            1257.620456         -2.14110596453          9.22322309379           5.0072047921
          254.048846767          6288.77599265          2403.71393195          1305.05350931         -2.21537706621          9.19539745758          4.99205482734
          263.505347853          6267.47978321          2490.53603704          1352.18782614         -2.28850742723          9.16689311591          4.97653563718
          272.935467947          6245.55860837          2576.84400582          1399.04260226         -2.36052194962          9.13773038477           4.9606583036
          282.343322143          6223.01682355          2662.67079938          1445.63572723         -2.43144359995          9.10792871685          4.94443343807
          291.732793569          6199.85819213          2748.04713144          1491.98387055         -2.50129354972          9.07750680787          4.92787123948
          301.107564813          6176.08591381          2833.00175876          1538.10263929         -2.57009142397          9.04648263818          4.91098151676
          310.471144645          6151.70265417          2917.56170876          1584.00670169         -2.63785549395          9.01487351634           4.8937737126
          319.826864556          6126.71063127          3001.75227265           1629.7097834         -2.70460268074          8.98269619585          4.87625696702
          329.177926539          6101.11156847          3085.59742657          1675.22489616         -2.77034889983          8.94996681824          4.85844008636
          338.527382968          6074.90681481          3169.11965402          1720.56424134         -2.83510892789          8.91670107194           4.8403316298
          347.878160491          6048.09734254          3252.34016827          1765.73933075         -2.89889658908          8.88291419153           4.8219399089
           357.23308014           6020.6837491          3335.27908485          1810.76108023         -2.96172489665          8.84862096352          4.80327299079
          366.594858596          5992.66630163          3417.95544194          1855.63982076         -3.02360607626          8.81383578567          4.78433873042
          375.966124842          5964.04493377           3500.3873514          1900.38538042         -3.08455168798          8.77857266588          4.76514476999
          385.349413252          5934.81931376          3582.59192848          1945.00704624         -3.14457258264          8.74284530904          4.74569858621
          394.747211679          5904.98872916          3664.58572773          1989.51380086         -3.20367922787           8.7066669789          4.72600741512
          404.161889479          5874.55235061          3746.38411232          2033.91398015         -3.26188125841           8.6700508216          4.70607842815
          413.595794316          5843.50896293          3828.00208901          2078.21572648         -3.31918808655           8.6330095411          4.68591855552
          423.051187419          5811.85719479            3909.453767          2122.42669495         -3.37560852101          8.59555567862          4.66553463829
          432.530303928           5779.5953556           3990.7528622          2166.55432713         -3.43115112773          8.55770141996          4.64493332352
          442.035317689          5746.72157509          4071.91240013          2210.60568981         -3.48582402765          8.51945876355          4.62412115569
          451.568360114          5713.23376327          4152.94488362          2254.58756601         -3.53963501963          8.48083947423           4.6031045516
          461.131528986          5679.12960323          4233.86236315          2298.50649317         -3.59259163192          8.44185507724          4.58188979707
          470.726861735          5644.40666906          4314.67621023          2342.36864014         -3.64470098098          8.40251699401          4.56048312084
          480.356401764          5609.06220399          4395.39768444            2386.180115         -3.69597014479          8.36283629126          4.53889055804
          490.022140928          5573.09334696          4476.03744189          2429.94669819         -3.74640584754          8.32282394057          4.51711809145
          499.726058822          5536.49700379          4556.60587135          2473.67402502         -3.79601467942           8.2824906744          4.49517157316
          509.470111155          5499.26991009          4637.11298372          2517.36752565         -3.84480302932          8.24184705859          4.47305676398
          519.256200199          5461.40875274          4717.56818934          2561.03230426         -3.89277695853          8.20090362415          4.45077940524
          529.086255888           5422.9098812          4797.98094699          2604.67349122          -3.9399425952          8.15967055463          4.42834504858
          538.962177665          5383.76953823           4878.3602901          2648.29598605         -3.98630584953          8.11815793968          4.40575919401
          548.885848629          5343.98381496          4958.71495156          2691.90452508         -4.03187249377          8.07637572646          4.38302726342
          558.859148424          5303.54861778          5039.05345286          2735.50372985         -4.07664821584           8.0343336861           4.3601545824
          568.883925257           5262.4597858           5119.3838926          2779.09799235          -4.1206385052           7.9920415367          4.33714644706
          578.962026397          5220.71298782          5199.71417574          2822.69159944         -4.16384878639          7.94950883542          4.31400806542
           589.09531231          5178.30366124          5280.05214263          2866.28880284         -4.20628448733          7.90674491932           4.2907445252
          599.285641266          5135.22708844          5360.40543165          2909.89374463         -4.24795096365          7.86375898657          4.26736083801
          609.534834127          5091.47855762          5440.78120016          2953.51030579         -4.28885336004          7.82056025594           4.2438620261
          619.844746962          5047.05305829          5521.18670607          2997.14242179         -4.32899691359          7.77715766398          4.22025295767
           630.21721195          5001.94554689          5601.62882909          3040.79382286          -4.3683867098          7.73356012957          4.19653849075
          640.654059697          4956.15085615            5682.114255          3084.46813389         -4.40702778161          7.68977646304           4.1727234238
          651.157136529          4909.66362448          5762.64960966          3128.16894723         -4.44492517465          7.64581529985          4.14881245962
          661.728300713          4862.47832192          5843.24141782           3171.8998003         -4.48208392527          7.60168512869          4.12481022065
          672.369393858          4814.58938547          5923.89588251           3215.6640559         -4.51850896089          7.55739441841          4.10072131802
             683.082256          4765.99115293           6004.6190148           3259.4649726         -4.55420516641          7.51295155343          4.07655031646
          693.868792243          4716.67757164          6085.41711927          3303.30596818         -4.58917759577          7.46836457106          4.05230159134
           704.73083728          4666.64282032          6166.29577466          3347.19006652         -4.62343102613           7.4236417281          4.02797963698
          715.670277982          4615.88075228          6247.26076229          3391.12040138         -4.65697036709          7.37879099401          4.00358879087
          726.689010649          4564.38509829          6328.31773426          3435.10003633          -4.6898005137          7.33382023772          3.97913333538
           737.78892844          4512.14953308          6409.47211759          3479.13191278         -4.72192631035          7.28873728512          3.95461752898
          748.971935513           4459.1676082          6490.72922925          3523.21891236          -4.7533526007          7.24354985918           3.9300455737
          760.239963687          4405.43268399          6572.09438407          3567.36391549         -4.78408426871          7.19826552339           3.9054215844
          771.594935353          4350.93810917          6653.57262632          3611.56965574         -4.81412613692          7.15289183441          3.88074967174
          783.038826333          4295.67692573          6735.16917798          3655.83896305         -4.84348313388          7.10743609562          3.85603380822
          794.573561219          4239.64236961          6816.88870052          3700.17436317         -4.87216002674          7.06190577124          3.83127805336
          806.201135949          4182.82729836          6898.73614678          3744.57853993         -4.90016172993          7.01630801451          3.80648629713
          817.923535465           4125.2245799          6980.71619195          3789.05402641         -4.92749310157          6.97064998718          3.78166243374
          829.742778023          4066.82688745          7062.83353506          3833.60336862         -4.95415904864          6.92493869399          3.75681027159
          841.660885338          4007.62685078          7145.09268704          3878.22901044          -4.9801644565          6.87918110293          3.73193359869
          853.679895785           3947.6169933          7227.49806593          3922.93334531         -5.00551422248          6.83338409424          3.70703615495
          865.801887657           3886.7896205          7310.05415125          3967.71879996          -5.0302133021          6.78755437665          3.68212158663
          878.028919129          3825.13712614          7392.76507028          4012.58760998         -5.05426658474          6.74169871891          3.65719357225
          890.363094583          3762.65166119          7475.63505309          4057.54206668         -5.07767903192          6.69582369874          3.63225568609
          902.806558949          3699.32516579           7558.6683835          4102.58449045         -5.10045565662          6.64993573224          3.60731141422
           915.36143641          3635.14968679          7641.86898497          4147.71700616         -5.12260140974          6.60404130423          3.58236427968
          928.029898298          3570.11703025          7725.24088201          4192.94179342          -5.1441213089          6.55814671447           3.5574177046
          940.814116574           3504.2190094          7808.78788033          4238.26091311         -5.16502035283          6.51225825535          3.53247510671
          953.716316947          3437.44717238          7892.51391669          4283.67649713         -5.18530361052          6.46638202069          3.50753979553
          966.738716641          3369.79312535          7976.42265164          4329.19052751         -5.20497611939          6.42052413056          3.48261509448
          979.883591342          3301.24819301          8060.51789695          4374.80506825         -5.22404298855          6.37469049812          3.45770421422
          993.153205107          3231.80378551          8144.80316299          4420.52201979         -5.24250929282          6.32888707795           3.4328103876
          1006.54986663          3161.45110516          8229.28202341          4466.34331684         -5.26038015725          6.28311966776          3.40793676192
          1020.07592357          3090.18118451          8313.95806516          4512.27090128         -5.27766074207          6.23739393724          3.38308641462
           1033.7337085          3017.98516939          8398.83455518          4558.30654135         -5.29435617522          6.19171560868          3.35826245143
          1047.52561594          2944.85392265          8483.91491402          4604.45208856         -5.31047164946          6.14609020171          3.33346786766
          1061.45405138          2870.77828979          8569.20240209          4650.70930749         -5.32601235816          6.10052320338          3.30870564068
           1075.5214659           2795.7489231          8654.70032559          4697.07998751         -5.34098353373          6.05501995843          3.28397867024
          1089.73030555          2719.75655678          8740.41172392          4743.56577322          -5.3553903921          6.00958583635           3.2592898693
          1104.08310501          2642.79150148          8826.33994299           4790.1684754         -5.36923822982          5.96422592769          3.23464199899
          1118.58236786          2564.84429777          8912.48789974          4836.88967212         -5.38253230006          5.91894543441          3.21003788075
          1133.23061558          2485.90545638          8998.85838466          4883.73087282         -5.39527786837          5.87374950818           3.1854803085
          1148.03048627          2405.96492163          9085.45464489          4930.69383454         -5.40748029448          5.82864294693          3.16097188368
          1162.98458251          2325.01290623          9172.27946937          4977.78006574         -5.41914489487          5.78363067464          3.13651527606
          1178.09556724          2243.03936685          9259.33576371          5024.99113812         -5.43027702701          5.73871744101          3.11211306047
           1193.3660908          2160.03441315          9346.62611509          5072.32845062         -5.44088203169           5.6939080468          3.08776783934
             1208.79889          2075.98776084          9434.15337282          5119.79354427         -5.45096530565          5.64920704501          3.06348208027
          1224.39669441          1990.88925947           9521.9200926          5167.38780084         -5.46053223212          5.60461902702          3.03925827153
           1240.1623153          1904.72839512          9609.92905456          5215.11272372         -5.46958823917          5.56014835869          3.01509877873
          1256.09854858          1817.49483917          9698.18269852          5262.96963169         -5.47813873751          5.51579946743          2.99100600072
          1272.20825739           1729.1779894          9786.68359627          5310.95991506         -5.48618916986          5.47157660332          2.96698223989
           1288.4943291          1639.76721287          9875.43420382          5359.08490127          -5.4937449843          5.42748396467          2.94302977034
          1304.95968342          1549.25180429          9964.43690621          5407.34587923          -5.5008116387          5.38352567544          2.91915082564
          1321.60729511          1457.62086399          10053.6941375          5455.74416437         -5.50739460891          5.33970572648          2.89534756693
          1338.44014864          1364.86355554          10143.2081297          5504.28096246         -5.51349936863          5.29602809953          2.87162215027
          1355.46129229          1270.96880265          10232.9812089          5552.95753026         -5.51913141046          5.25249662208          2.84797664781
          1372.67382435          1175.92537746          10323.0157063          5601.77512725         -5.52429623614          5.20911501261          2.82441307237
          1390.08084558          1079.72215981          10413.3137144          5650.73488336         -5.52899934215          5.16588699823          2.80093344138
          1407.68550674          982.347881132          10503.8773332          5699.83793256         -5.53324623463          5.12281619526          2.77753971195
          1425.49098562          883.791256936          10594.7085471          5749.08534606         -5.53704242204          5.07990616848          2.75423381313
          1443.50055872          784.040589645          10685.8095895          5798.47833012         -5.54039342829           5.0371602598          2.73101755283
          1461.71749245          683.084379108          10777.1823807          5848.01792093         -5.54330476787          4.99458185471          2.70789276255
          1480.14512899          580.910842128          10868.8289687          5897.70522406         -5.54578196216          4.95217417479          2.68486118469
          1498.78684385          477.508163734          10960.7513001             5947.54129         -5.54783052969          4.90994038603           2.6619245314
          1517.64597511          372.864881713          11052.9508859          5997.52693298         -5.54945598124          4.86788375028           2.6390845668
          1536.72607052          266.968526417          11145.4300017          6047.66338169         -5.55066384065          4.82600707763          2.61634280965
          1556.03061528          159.807133359          11238.1903494          6097.95155369         -5.55145961685          4.78431333973          2.59370086638
          1575.56314958          51.3685919892          11331.2336369          6148.39236976          -5.5518488159          4.74280540379          2.57116028663
          1595.32726959         -58.3593511094          11424.5615738          6198.98675155         -5.55183693871          4.70148603574          2.54872256504
          1615.32663431         -169.389135961          11518.1759066          6249.73564064         -5.55142947877          4.66035788616          2.52638913356
          1635.56494707         -281.733268201          11612.0783151          6300.63994236         -5.55063192043           4.6194235372          2.50416138695
          1656.04593008           -395.4041889          11706.2703065          6351.70046834         -5.54944973993          4.57868554836          2.48204070763
          1676.77341144         -510.414740865          11800.7536024          6402.91814651         -5.54788839973           4.5381462893          2.46002837493
          1697.75121049         -626.777540305          11895.5296193          6454.29373918           -5.545953354          4.49780816528           2.4381256875
          1718.98328704          -744.50579213          11990.6001351          6505.82820462         -5.54365003521           4.4576733328           2.4163338089
          1740.47354182         -863.612182034          12085.9663896          6557.52220923         -5.54098387237          4.41774408246          2.39465397547
          1762.22602234         -984.110017251          12181.6300071          6609.37662785          -5.5379602683           4.3780224493          2.37308728483
          1784.24476889          -1106.0123632          12277.5923025          6661.39216749         -5.53458461655          4.33851050554          2.35163485476
          1806.53391229         -1229.33258309          12373.8547121          6713.56960082         -5.53086228771           4.2992101814          2.33029772593
          1829.09762735         -1354.08408174          12470.4185895          6765.90965576         -5.52679863457          4.26012335073          2.30907690847
          1851.94013917         -1480.28032669          12567.2852242           6818.4130252         -5.52239899096          4.22125182383          2.28797337795
          1875.06576403         -1607.93507752           12664.456016            6871.080462         -5.51766866238          4.18259727832          2.26698803798
            1898.478832         -1737.06195273          12761.9321443          6923.91259921         -5.51261294036          4.14416139273          2.24612179262
           1922.1837678         -1867.67486676          12859.7149008          6976.91013082         -5.50723708553          4.10594571429          2.22537547474
          1946.18507313         -1999.78793458          12957.8056133          7030.07377031         -5.50154632892           4.0679516919          2.20474986381
          1970.48728868         -2133.41525792          13056.2054861          7083.40416402         -5.49554587997          4.03018073925          2.18424572021
          1995.09499756         -2268.57093366          13154.9156093          7136.90189646          -5.4892409263          3.99263423044          2.16386378287
          2020.01290298         -2405.26948135          13253.9372708           7190.5676592         -5.48263661271          3.95531338255          2.14360470554
          2045.24570875         -2543.52518269          13353.2714743          7244.40198957         -5.47573807121           3.9182194398          2.12346915668
          2070.79826201         -2683.35285596          13452.9194983            7298.405574         -5.46855038246          3.88135346393          2.10345770579
           2096.6753634          -2824.7668182          13552.8821539          7352.57884526         -5.46107862739          3.84471661164          2.08357097392
          2122.88199303         -2967.78211174          13653.1606579          7406.92245606         -5.45332782331          3.80830981217          2.06380945871
           2149.4232033         -3112.41391212          13753.7562053          7461.43704718         -5.44530295225          3.77213392895          2.04417362212
          2176.30404315         -3258.67711504          13854.6696848          7516.12309326         -5.43700898388          3.73618986158          2.02466394578
          2203.52966212          -3406.5868961           13955.902071          7570.98111546         -5.42845084443          3.70047840433          2.00528085421
          2231.10533701          -3556.1588497          14057.4545135          7626.01172963         -5.41963340679           3.6650002182          1.98602469965
          2259.03632047         -3707.40816387           14159.327775          7681.21534186         -5.41056153814          3.62975602883          1.96689586947
          2287.32804931         -3860.35074409          14261.5229927          7736.59256115         -5.40124003297          3.59474636184          1.94789464251
          2315.98592042         -4015.00199396          14364.0408572          7792.14375437          -5.3916736856          3.55997182781          1.92902134382
           2345.0155545         -4171.37823804          14466.8825608          7847.86956004         -5.38186720253          3.52543279953           1.9102761694
          2374.42247984         -4329.49500723          14570.0486613          7903.77027298         -5.37182530818          3.49112979749          1.89165939552
          2404.21249598         -4489.36899508          14673.5403675          7959.84654041          -5.3615526215           3.4570630601          1.87317114537
          2434.39140151         -4651.01658273          14777.3585679          8016.09883608         -5.35105374809          3.42323287063          1.85481156659
          2464.96504879         -4814.45413355          14881.5040289          8072.52756744         -5.34033326188          3.38963948988          1.83658079466
          2495.93938761         -4979.69821975          14985.9775408          8129.13315469          -5.3293956902          3.35628310934           1.8184789275
          2527.32041931         -5146.76537221          15090.7797587          8185.91594474         -5.31824552978          3.32316390292           1.8005060536
          2559.11438002         -5315.67305128           15195.911808          8242.87653929         -5.30688718136           3.2902818379          1.78266214933
          2591.32741095         -5486.43788016          15301.3741784           8300.0151953          -5.2953250675          3.25763702465          1.76494726879
          2623.96585636         -5659.07723558          15407.1677169          8357.33236338         -5.28356352571          3.22522940504          1.74736137471
          2657.03615765         -5833.60866736          15513.2932615           8414.8284891         -5.27160684685          3.19305887023          1.72990440238
          2690.54482158         -6010.04972415          15619.7515349           8472.5039554         -5.25945928685           3.1611252936           1.7125762775
          2724.49844889         -6188.41811128          15726.5432413          8530.35913515         -5.24712505587          3.12942850172          1.69537690042
          2758.90371735         -6368.73157894          15833.6689995          8588.39435474         -5.23460832586          3.09796829509          1.67830615744
          2793.76747822         -6551.00843573          15941.1296456          8646.61005832          -5.2219131947          3.06674436062          1.66136387326
          2829.09658591          -6735.2666411          16048.9256946          8705.00651585         -5.20904374917          3.03575643038          1.64454989719
          2864.89809849         -6921.52484855          16157.0579539           8763.5841556         -5.19600399214          3.00500410451          1.62786400698
          2901.17910267         -7109.80149164           16265.526986          8822.34327301         -5.18279790632          2.97448700734          1.61130599361
          2937.94684983         -7300.11547622          16374.3335101          8881.28424836         -5.16942940581          2.94420467386          1.59487559964
          2975.20862248         -7492.48548443          16483.4780012          8940.40732943         -5.15590238488          2.91415666319          1.57857258077
           3012.9718996         -7686.93082622           16592.961175          8999.71289431         -5.14222065822          2.88434242489          1.56239663338
          3051.24423966         -7883.47082345           16702.783634          9059.20125973         -5.12838800424          2.85476139864          1.54634744849
          3090.03322755         -8082.12453522          16812.9457188          9118.87260019         -5.11440818447          2.82541305336          1.53042473309
          3129.34670686         -8282.91193948          16923.4481631           9178.7273032         -5.10028486053           2.7962967128          1.51462811549
          3169.19253372         -8485.85266348          17034.2913867          9238.76558609         -5.08602168356          2.76741174592          1.49895724855
          3209.57875036         -8690.96686774          17145.4759829          9298.98775991          -5.0716222322          2.73875743864           1.4834117402
          3250.51354738         -8898.27503418          17257.0025962          9359.39416336         -5.05709002772          2.71033302855          1.46799117218
          3292.00513107         -9107.79730121          17368.8715648          9419.98496912         -5.04242858086          2.68213779639          1.45269514971
          3334.06186395         -9319.55415418          17481.0832945          9480.76038638         -5.02764134349          2.65417097025          1.43752324953
          3376.69228519         -9533.56653205          17593.6383104          9541.72068871         -5.01273170154          2.62643171517          1.42247501423
          3419.90501663         -9749.85533382          17706.5369935          9602.86607152         -4.99770300969          2.59891919967          1.40754998836
          3463.70886335         -9968.44192259          17819.7798442          9664.19679477         -4.98255855658          2.57163253179          1.39274768372
          3508.11263861         -10189.3472416           17933.367023           9725.7129342         -4.96730162632          2.54457087069          1.37806763991
          3553.12547124          -10412.593338           18047.299136          9787.41480665         -4.95193539343          2.51773323924          1.36350932268
          3598.75646242         -10638.2016439          18161.5763485          9849.30249018         -4.93646304186          2.49111873629          1.34907223901
          3645.01495912         -10866.1943269          18276.1990757          9911.37619797         -4.92088767228          2.46472637379          1.33475584886
          3691.91043531         -11096.5936923          18391.1676745          9973.63611147         -4.90521234365          2.43855515097          1.32055960533
          3739.45241051          -11329.421777          18506.4822426          10036.0822716         -4.88944010106          2.41260409953          1.30648297919
          3787.65075223         -11564.7018156          18622.1433439          10098.7149717         -4.87357387668          2.38687212085          1.29252537059
          3836.51530375         -11802.4564173          18738.1511034           10161.534267          -4.8576166138          2.36135819103          1.27868622027
          3886.05606174         -12042.7084231           18854.505634          10224.5402063         -4.84157120879           2.3360612639          1.26496495695
          3936.28327623         -12285.4813796           18971.207262          10287.7329538         -4.82544048014          2.31098022379          1.25136097174
          3987.20720886         -12530.7983598          19088.2559563          10351.1124797          -4.8092272475          2.28611400976          1.23787368544
          4038.83846202         -12778.6835447          19205.6520855          10414.6789707         -4.79293422718          2.26146145405          1.22450246102
           4091.1876541         -13029.1606426          19323.3956604          10478.4324196         -4.77656413724          2.23702144422          1.21124669149
          4144.26565559         -13282.2540173          19441.4868694           10542.372915         -4.76011962364          2.21279281062           1.1981057389
          4198.08332002         -13537.9873942          19559.9254722          10606.5003135         -4.74360334476          2.18877445161          1.18507900223
          4252.65193151         -13796.3859808          19678.7117849          10670.8147725         -4.72701783457          2.16496513317          1.17216580874
          4307.98284273         -14057.4747296          19797.8458667          10735.3163103         -4.71036561602          2.14136365647          1.15936550481
          4364.08742834         -14321.2781164          19917.3274271          10800.0047555          -4.6936492146           2.1179688738          1.14667746462
          4420.97747602         -14587.8219685          20037.1566552          10864.8801965         -4.67687104264          2.09477952597          1.13410100192
          4478.66482342         -14857.1317505           20157.333437           10929.942557         -4.66003350901          2.07179439736          1.12163545418
          4537.16139811         -15129.2327374          20277.8574407          10995.1916429         -4.64313900762          2.04901229736          1.10928017245
          4596.47955636         -15404.1515898          20398.7288117          11060.6275183         -4.62618982026          2.02643192972          1.09703445056
          4656.63169973         -15681.9145486          20519.9473678          11126.2500694         -4.60918822974          2.00405204634           1.0848976085
          4717.63033286         -15962.5477013          20641.5127232          11192.0590723         -4.59213650283          1.98187142197          1.07286897873
          4779.48824832         -16246.0778265          20763.4246551           11258.054391         -4.57503683915          1.95988878715          1.06094786974
           4842.2184741          -16532.532129          20885.6829822          11324.2359119         -4.55789138855          1.93810285224          1.04913357916
          4905.83414538         -16821.9376494          21008.2873115          11390.6034065         -4.54070228687          1.91651235297          1.03742541842
          4970.34861578         -17114.3217563           21131.237249          11457.1566454          -4.5234716268          1.89511601254          1.02582269221
          5035.77551397         -17409.7123948          21254.5325004          11523.8954533         -4.50620144398          1.87391252513           1.0143246895
          5102.12864054         -17708.1375958          21378.1726621          11590.8195953         -4.48889374672          1.85290059301          1.00293070373
          5169.42194727          -18009.625382          21502.1571836          11657.9287568         -4.47155052151          1.83207893239         0.991640035952
          5237.66968895         -18314.2044358          21626.4856413          11725.2226917         -4.45417369498          1.81144622752         0.980451969901
          5306.88622158         -18621.9031779          21751.1573595          11792.7010171         -4.43676518734          1.79100119449         0.969365806648
           5377.0862158         -18932.7507117          21876.1717941          11860.3634215          -4.4193268589          1.77074251757         0.958380830042
          5448.28455693         -19246.7763636          22001.5283427          11928.2095611         -4.40186053703          1.75066888146         0.947496324224
          5520.49629749         -19564.0094562          22127.2262537          11996.2390115         -4.38436802913          1.73077898575         0.936711581443
          5593.73679995         -19884.4799295          22253.2648718          12064.4514001         -4.36685108871          1.71107150595         0.926025880932
          5668.02167507         -20208.2180496          22379.6435182          12132.8463412         -4.34931143239          1.69154511346         0.915438499755
          5743.36668577         -20535.2539743          22506.3613205          12201.4233442         -4.33175076393           1.6721985019         0.904948727044
           5819.7878291         -20865.6181085          22633.4173525          12270.1818893         -4.31417075492          1.65303036491         0.894555851999
          5897.30141396         -21199.3414127          22760.8107501          12339.1214898         -4.29657302909          1.63403937917         0.884259154665
          5975.92395761         -21536.4549514          22888.5405357          12408.2415974         -4.27895918701          1.61522423138         0.874057920556
          6055.67224827         -21876.9901399          23016.6057105          12477.5416523          -4.2613307935          1.59658360438         0.863951433133
           6136.5632835         -22220.9784736           23145.005152          12547.0210272         -4.24368939209          1.57811619237         0.853938982058
          6218.61436731         -22568.4519216          23273.7377598          12616.6791067         -4.22603648522          1.55982067977         0.844019851737
          6301.84309763         -22919.4428591          23402.8024264          12686.5152714          -4.2083735386          1.54169574613         0.834193323955
          6386.26730244         -23273.9837775          23532.1979291          12756.5288388         -4.19070199634          1.52374008158         0.824458686292
          6471.90499896         -23632.1071058          23661.9228649          12826.7190293         -4.17302328991          1.50595239526         0.814815236655
          6558.77467588         -23993.8463747          23791.9760716          12897.0851929         -4.15533878112          1.48833135777         0.805262252108
          6646.89487283         -24359.2344412          23922.3559834          12967.6264608         -4.13764985013          1.47087568946         0.795799036718
          6736.28459901         -24728.3052179           24053.061252          13038.3420821         -4.11995781114          1.45358407605         0.786424875801
          6826.96306669         -25101.0925478          24184.0903411          13109.2312035         -4.10226396786           1.4364552236         0.777139065761
          6918.94973929         -25477.6303932          24315.4415947          13180.2929068          -4.0845696043          1.41948784886          0.76794090881
          7012.26439766         -25857.9530891          24447.1133254          13251.5262566         -4.06687597312           1.4026806677         0.758829706722
          7106.92725205         -26242.0957811          24579.1039609          13322.9303794         -4.04918427622          1.38603237699         0.749804751011
          7202.95866482         -26630.0932767          24711.4116459          13394.5042482         -4.03149571853          1.36954170538         0.740865350456
          7300.37940916         -27021.9810812          24844.0345972          13466.2468751         -4.01381146047          1.35320736823         0.732010806653
          7399.21037613         -27417.7942013           24976.970697          13538.1570904         -3.99613267254          1.33702811787         0.723240441276
          7499.47310899          -27817.569266          25110.2182053          13610.2339287          -3.9784604406          1.32100265657         0.714553548892
          7601.18916234         -28221.3419513          25243.7748925          13682.4761596          -3.9607958815          1.30512974215         0.705949454226
          7704.38064365         -28629.1491133          25377.6387514          13754.8826725         -3.94314004877          1.28940810203         0.697427465533
          7809.06981819         -29041.0272058          25511.8074702          13827.4521918         -3.92549400246          1.27383649594         0.688986908637
          7915.27941957         -29457.0134916          25646.2788304          13900.1834919         -3.90785875694          1.25841366914         0.680627101521
          8023.03241116         -29877.1450799          25781.0503905          13973.0752266          -3.8902353226          1.24313838902         0.672347374224
          8132.35225298         -30301.4599559          25916.1198164           14046.126107         -3.87262466277          1.22800940745         0.664147048379
          8243.26273851          -30729.996313          26051.4846626          14119.3347841          -3.8550277226          1.21302548597         0.656025450898
          8355.78781182         -31162.7918418          26187.1421496          14192.6997276         -3.83744545807           1.1981854198         0.647981926978
          8469.95203964         -31599.8855253          26323.0897278          14266.2195314         -3.81987876282          1.18348797553         0.640015806326
          8585.78029453         -32041.3163945          26459.3246817           14339.892699         -3.80232851984          1.16893193516          0.63212642703
          8703.29767097         -32487.1231957          26595.8440292          14413.7175899         -3.78479561438          1.15451610603         0.624313140942
          8822.52981726         -32937.3456341          26732.6449034           14487.692625         -3.76728088491           1.1402392801         0.616575291592
          8943.50272464         -33392.0235487          26869.7242955          14561.8161486         -3.74978515645          1.12610026145         0.608912229124
          9066.24272758         -33851.1968931           27007.079049          14636.0864244         -3.73230924129           1.1120978665         0.601323310382
          9190.77662041         -34314.9061561          27144.7059845          14710.5017035          -3.7148539232          1.09823091104         0.593807891913
          9317.13151586         -34783.1918084          27282.6017332          14785.0601343         -3.69741997874          1.08449822714         0.586365339095
          9445.33515059         -35256.0954147          27420.7630622          14859.7599381          -3.6800081362          1.07089863062         0.578995008524
          9575.41537882         -35733.6577395          27559.1863167           14934.599108          -3.6626191461          1.05743097619         0.571696277917
           9707.4007205         -36215.9207474          27697.8680041           15009.575724         -3.64525370769          1.04409409976         0.564468514815
          9841.31997091          -36702.926142          27836.8043667          15084.6877228         -3.62791252279          1.03088686016         0.557311099199
          9977.20248738         -37194.7163952          27975.9916761          15159.9330563         -3.61059625887          1.01780811058         0.550223408023
          10115.0779641         -37691.3339046          28115.4259911           15235.309561         -3.59330557951          1.00485672157         0.543204827682
          10254.9766109         -38192.8216141          28255.1033321          15310.8150522         -3.57604112267         0.992031564444         0.536254744993
          10396.9290801         -38699.2227265          28395.0195973          15386.4472788         -3.55880351116         0.979331519036         0.529372551426
          10540.9665334         -39210.5809216           28535.170621          15462.2039549         -3.54159334553         0.966755468313         0.522557640164
          10687.1204803         -39726.9397519          28675.5520065          15538.0826688          -3.5244112247         0.954302313256         0.515809414179
          10835.4229681         -40248.3432988          28816.1593051          15614.0809808         -3.50725772389         0.941970956479         0.509127277349
          10985.9065863         -40774.8361607          28956.9880083          15690.1964182         -3.49013339574         0.929760303074         0.502510634916
          11138.6043521         -41306.4630181          29098.0334294          15766.4264115         -3.47303878479         0.917669270887         0.495958899058
          11293.5497533         -41843.2687701           29239.290739          15842.7683138         -3.45597442309         0.905696787018         0.489471486984
          11450.7769237         -42385.2991063          29380.7551136          15919.2194807         -3.43894081234         0.893841775261         0.483047814139
          11610.3202763         -42932.5992223          29522.4213966          15995.7770874         -3.42193846471         0.882103184424         0.476687309539
          11772.2149103         -43485.2151914           29664.284456          16072.4383221         -3.40496785977         0.870479958095         0.470389399395
          11936.4964357         -44043.1933337          29806.3390163          16149.2002949         -3.38802946476         0.858971048709         0.464153514729
          12103.2010362         -44606.5804038          29948.5797046          16226.0600625         -3.37112372911         0.847575413671         0.457979089281
          12272.3654695         -45175.4235596          30091.0010391          16303.0146226         -3.35425108579         0.836292016203          0.45186555996
          12444.0268775         -45749.7696977          30233.5972623          16380.0608234         -3.33741197107         0.825119838313         0.445812373873
          12618.2230076         -46329.6661777           30376.362522          16457.1954612         -3.32060680291         0.814057866035         0.439818980331
          12794.9922685         -46915.1609733          30519.2909048          16534.4152989         -3.30383597707         0.803105086911         0.433884829479
           12974.373591         -47506.3021755          30662.3763108          16611.7169982         -3.28709988187          0.79226049958         0.428009377496
          13156.4065615         -48103.1384129          30805.6125543          16689.0971737         -3.27039888636         0.781523105926         0.422192082335
           13341.131236         -48705.7181995          30948.9932045          16766.5523072         -3.25373335879         0.770891922854         0.416432410108
          13528.5884347         -49314.0908829          31092.5118105           16844.078869         -3.23710364038         0.760365965307         0.410729825884
          13718.8192256         -49928.3049266          31236.1614942          16921.6730982         -3.22051009246          0.74994427599         0.405083809788
            13911.86591         -50548.4110734          31379.9356899           16999.331402         -3.20395301084         0.739625871274           0.3994938277
          14107.7709478         -51174.4588377          31523.8273199          17077.0499105         -3.18743272102         0.729409801052         0.393959363674
          14306.5776499         -51806.4987072           31667.829307          17154.8247534         -3.17094951897          0.71929511136         0.388479899699
          14508.3297871          -52444.580862          31811.9342777             17232.6519         -3.15450370509         0.709280865306         0.383054927024
          14713.0719388         -53088.7562548           31956.134807          17310.5272909         -3.13809555609          0.69936612565          0.37768393673
          14920.8492989         -53739.0759541          32100.4232659          17388.4467563         -3.12172534234         0.689549965297         0.372366425412
          15131.7078329         -54395.5916117          32244.7919239          17466.4060705         -3.10539331613         0.679831460145         0.367101891301
          15345.6940908         -55058.3548385          32389.2328079          17544.4008765          -3.0890997275         0.670209698421         0.361889839326
          15562.8554437         -55727.4179088          32533.7378554          17622.4267684          -3.0728448069         0.660683770234         0.356729775451
          15783.2396823         -56402.8324913          32678.2986376          17700.4791417         -3.05662879611          0.65125278559         0.351621216435
          16006.8955279         -57084.6511869          32822.9066908          17778.5533725         -3.04045191082         0.641915852279         0.346563677852
          16233.8725173         -57772.9271348          32967.5534254          17856.6447682         -3.02431435087         0.632672081935         0.341556677379
          16464.2206216         -58467.7128214          33112.2298742          17934.7484317         -3.00821632814         0.623520605855         0.336599743353
          16697.9909627         -59169.0622109          33256.9271367          18012.8595013         -2.99215801685         0.614460546486         0.331692399338
          16935.2352264         -59877.0289344          33401.6359968          18090.9729442         -2.97613959608         0.605491041605         0.326834177218
          17176.0059296         -60591.6670605          33546.3470816           18169.083642         -2.96016123186         0.596611234006         0.322024611607
          17420.3562375         -61313.0305133          33691.0507413          18247.1863263         -2.94422309027         0.587820278668         0.317263243737
          17668.3401566         -62041.1736132          33835.7371577          18325.2756373         -2.92832532527         0.579117335796         0.312549617685
          17920.0126078         -62776.1512475          33980.3963738          18403.3461392         -2.91246807528         0.570501568941         0.307883279356
          18175.4289996          -63518.017588          34125.0180401          18481.3921838         -2.89665149081         0.561972159874         0.303263784537
          18434.6459991         -64266.8283016          34269.5918457          18559.4081428         -2.88087568704         0.553528282765         0.298690684914
          18697.7214527         -65022.6402474           34414.107447          18637.3883696         -2.86514075166         0.545169108782         0.294163530563
          18964.7130998         -65785.5077482          34558.5537535          18715.3268137         -2.84944682239         0.536893847055         0.289681892135
          19235.6801245         -66555.4870222          34702.9197784          18793.2174798         -2.83379399399          0.52870169497         0.285245333932
           19510.682225         -67332.6334745          34847.1941202          18871.0541481         -2.81818237445         0.520591867815          0.28085342997
          19789.7805835         -68117.0044051          34991.3654656          18948.8306452         -2.80261203036         0.512563570204         0.276505748496
          20073.0366886         -68908.6556364          35135.4219602          19026.5405054         -2.78708305464         0.504616031164         0.272201870992
          20360.5132647         -69707.6440958          35279.3516855          19104.1772272         -2.77159551483         0.496748477217           0.2679413776
          20652.2741269         -70514.0273514          35423.1425651          19181.7342232         -2.75614946298         0.488960137587         0.263723849936
          20948.3839593         -71327.8629419           35566.782241          19259.2047532         -2.74074494877          0.48125025079         0.259548874665
          21248.9079947         -72149.2074757          35710.2579167          19336.5818393         -2.72538203598         0.473618072601          0.25541604781
          21553.9126859         -72978.1184304          35853.5566739          19413.8584376         -2.71006076817          0.46606285872         0.251324965368
          21863.4656434         -73814.6539239          35996.6654255          19491.0274115         -2.69478117362         0.458583867307         0.247275224681
          22177.6353793         -74658.8719727          36139.5707835          19568.0814617          -2.6795432791         0.451180365726         0.243266428088
          22496.4912662         -75510.8303405          36282.2590337          19645.0131118         -2.66434711226         0.443851631491         0.239298183441
          22820.1041989         -76370.5882587          36424.7164209          19721.8148622         -2.64919267099         0.436596937445          0.23537009607
          23148.5457314         -77238.2040701          36566.9287502          19798.4789754         -2.63407996557         0.429415572023         0.231481779765
          23481.8883319         -78113.7358787          36708.8814982          19874.9975356         -2.61900900643         0.422306833086         0.227632853434
          23820.2055527         -78997.2419528          36850.5598784          19951.3624844         -2.60397979693         0.415270024343         0.223822939161
          24163.5725634           -79888.78206          36991.9490488           20027.565732         -2.58899231101         0.408304444951         0.220051656579
          24512.0652565         -80788.4150731          37133.0337237          20103.5989486         -2.57404653407         0.401409408603         0.216318633206
          24865.7606452         -81696.1999702          37273.7983339          20179.4536505          -2.5591424456         0.394584235217          0.21262349994
          25224.7367005          -82612.195369          37414.2269534          20255.1211604         -2.54428002656         0.387828254223         0.208965892846
          25589.0733461          -83536.462005          37554.3036741          20330.5928095         -2.52945921948         0.381140786385         0.205345443305
          25958.8506558         -84469.0580882          37694.0118934          20405.8595539         -2.51468000336         0.374521177717         0.201761796384
          26334.1504571         -85410.0433395          37833.3349289          20480.9123051         -2.49994232836         0.367968769764         0.198214594742
          26715.0559759         -86359.4780057          37972.2558591          20555.7418447         -2.48524613221         0.361482907117         0.194703482698
          27101.6511127           -87317.42101          38110.7572514          20630.3386778         -2.47059136864         0.355062949874          0.19122811298
          27494.0214947         -88283.9325188           38248.821535          20704.6932336          -2.4559779675         0.348708255924         0.187788137132
          27892.2535607         -89259.0716202          38386.4306626          20778.7956834         -2.44140587021         0.342418196419          0.18438321389
          28296.4352848         -90242.8980531           38523.566356           20852.636073         -2.42687500332         0.336192144143         0.181013002884
          28706.6562394         -91235.4722875          38660.2101092          20926.2043237         -2.41238527774         0.330029473286         0.177677164519
          29123.0070423         -92236.8541187          38796.3429889          20999.4901259         -2.39793660947         0.323929568228         0.174375364727
          29545.5796528         -93247.1033351          38931.9457266          21072.4829876         -2.38352890943         0.317891819072          0.17110727255
          29974.4671227         -94266.2790679          39066.9986296          21145.1721872         -2.36916209242         0.311915625304         0.167872562121
          30409.7638834         -95294.4404302          39201.4816665          21217.5468193         -2.35483606768          0.30600039169         0.164670910441
          30851.5659617         -96331.6469551          39335.3745202          21289.5958232         -2.34055073276         0.300145525729         0.161501996004
          31299.9716136         -97377.9600021          39468.6567581          21361.3080744         -2.32630595479         0.294350430082         0.158365494696
          31755.0794964         -98433.4384054          39601.3072704          21432.6720823         -2.31210162996         0.288614526852         0.155261092938
          32216.9894495         -99498.1402815          39733.3045092          21503.6761193         -2.29793765765          0.28293724665         0.152188481767
          32685.8035154         -100572.125317          39864.6267693          21574.3083711         -2.28381390983         0.277318016316         0.149147350189
          33161.6256139         -101655.453911          39995.2520673          21644.5568721         -2.26973024333         0.271756264001         0.146137387935
          33644.5597325         -102748.183006          40125.1576388          21714.4092354         -2.25568655355         0.266251440255         0.143158296864
          34134.7127148         -103850.372369           40254.320695          21783.8530583         -2.24168269251         0.260802985552         0.140209773398
          34632.1929172         -104962.081445          40382.7180316          21852.8757137         -2.22771851017         0.255410346718         0.137291517407
          35137.1098901         -106083.368582          40510.3259407          21921.4643012         -2.21379386368         0.250072980354          0.13440323406
          35649.5746415         -107214.291575          40637.1202739           21989.605682         -2.19990860997          0.24479034981          0.13154463219
          36169.7000679         -108354.908544          40763.0765392          22057.2865306         -2.18606259466         0.239561920902         0.128715421978
          36697.5998989         -109505.275556           40888.169635          22124.4931918         -2.17225568071         0.234387172651          0.12591532076
          37233.3908235           -110665.4512          41012.3743481          22191.2119484         -2.15848769301         0.229265576392         0.123144041722
          37777.1907302         -111835.492645          41135.6649147          22257.4287852         -2.14475846598         0.224196613714         0.120401303613
          38329.1198744         -113015.458102          41258.0152784          22323.1295278         -2.13106781434         0.219179765532         0.117686824825
          38889.2994854         -114205.403741          41379.3987645          22388.2996671          -2.1174155688          0.21421452519          0.11500033049
          39457.8516454         -115405.383427           41499.788063          22452.9243509         -2.10380157782         0.209300398766         0.112341552637
          40034.9018039         -116615.453953          41619.1557535          22516.9886652         -2.09022564772         0.204436883356         0.109710218448
          40620.5761879         -117835.669483          41737.4737394          22580.4773307         -2.07668760589         0.199623489934         0.107106062624
          41215.0042222         -119066.086535          41854.7137328          22643.3749629          -2.0631872448         0.194859723272         0.104528816521
          41818.3158321         -120306.758283           41970.846699          22705.6657738          -2.0497243849         0.190145104281         0.101978220237
          42430.6440955         -121557.739968          42085.8433694          22767.3338475         -2.03629881493          0.18547914884          0.09945401116
          43052.1239888         -122819.086197          42199.6739742          22828.3629962         -2.02291032167         0.180861378364        0.0969559296821
          43682.8907426         -124090.847559          42312.3079427          22888.7366002         -2.00955872491          0.17629133166        0.0944837256154
          44323.0821366         -125373.075232          42423.7143248          22948.4378333          -1.9962438276         0.171768547518        0.0920371487731
          44972.8394653         -126665.822778          42533.8619283          23007.4497364         -1.98296539795         0.167292558845        0.0896159457969
          45632.3051151         -127969.141184          42642.7188793          23065.7549825         -1.96972322089         0.162862910164        0.0872198696225
          46301.6232349         -129283.080146           42750.252739          23123.3359381         -1.95651708387          0.15847915262         0.084848676778
           46980.940966         -130607.690396           42856.430688          23180.1747631         -1.94334675322         0.154140836095        0.0825021231191
          47670.4067612         -131943.020304          42961.2192444           23236.253259         -1.93021200798          0.14984752042        0.0801799698936
          48370.1717565         -133289.118471          43064.5844699          23291.5529795         -1.91711261366         0.145598766635        0.0778819790146
          49080.3891556         -134646.032431          43166.4918597          23346.0551716         -1.90404833485         0.141394141135        0.0756079152997
          49801.2132253         -136013.806665          43266.9061969          23399.7406976         -1.89101895356         0.137233221424        0.0733575495878
          50532.8023106         -137392.488239          43365.7919659          23452.5902562         -1.87802421494          0.13311557868        0.0711306493054
          51275.3161288         -138782.121548          43463.1129545          23504.5841695         -1.86506387737         0.129040793844        0.0689269871696
          52028.9178842         -140182.752188          43558.8325256          23555.7025285         -1.85213767576         0.125008445944        0.0667463348751
          52793.7709962         -141594.420766          43652.9131867           23605.924963         -1.83924537841         0.121018129856        0.0645884726955
          53570.0427107         -143017.169531          43745.3170439          23655.2308837         -1.82638672512         0.117069436885        0.0624531789847
          54357.9023043         -144451.038919          43836.0055588          23703.5993528         -1.81356145885         0.113161964637         0.060340235514
          55157.5224846             -145896.07          43924.9396978          23751.0091634          -1.8007693034         0.109295310205        0.0582494237891
          55969.0771358         -147352.300272          44012.0796642          23797.4386965         -1.78801000052         0.105469081388        0.0561805311134
          56792.7441365         -148819.768644          44097.3851987          23842.8660814         -1.77528326538         0.101682883229        0.0541333433125
          57628.7015694         -150298.508549          44180.8151693          23887.2689768         -1.76258884615        0.0979363357656        0.0521076543283
          58477.1326287         -151788.556572          44262.3280664          23930.6248348         -1.74992644882        0.0942290516467        0.0501032541191
          59338.2216386         -153289.945259          44341.8815839          23972.9106775         -1.73729579883        0.0905606543947         0.048119938533
          60212.1561121         -154802.706649          44419.4328154          24014.1032016         -1.72469661026        0.0869307692654        0.0461575043649
           61099.127151         -156326.872808          44494.9382662          24054.1787846         -1.71212858136        0.0833390220422        0.0442157487063
          61999.3270158         -157862.471527          44568.3536328          24093.1133676         -1.69959142966          0.07978504906        0.0422944743632
          62912.9518983         -159409.530976          44639.6340316          24130.8825763         -1.68708485289        0.0762684859939        0.0403934837957
          63840.2004968         -160968.077127          44708.7338633            24167.46165         -1.67460854988        0.0727889738043        0.0385125823314
          64781.2737481         -162538.133205          44775.6067898           24202.825428         -1.66216222415        0.0693461596631        0.0366515786664
          65736.3767315         -164119.722735          44840.2058584          24236.9484163         -1.64974555912        0.0659396900759        0.0348102811472
          66705.7175884         -165712.867576          44902.4834025          24269.8047343         -1.63735823374        0.0625692152554        0.0329885001348
          67689.5063628         -167317.585894          44962.3909603          24301.3680721         -1.62499993739         0.059234393146        0.0311860501802
          68687.9572462         -168933.895719          45019.8794074          24331.6117602         -1.61267034179         0.055934881738        0.0294027458699
          69701.2857266         -170561.810178          45074.8987773          24360.5086753         -1.60036913684        0.0526703486991        0.0276384070314
          70729.7100631         -172201.339811          45127.3983523          24388.0312876         -1.58809601191        0.0494404661908        0.0258928559316
          71773.4563946         -173852.500498          45177.3268945           24414.151782         -1.57585059649          0.04624489541        0.0241659089223
          72832.7501249         -175515.299564          45224.6321882          24438.8418178         -1.56363256384         0.043083313898        0.0224573911998
          73907.8204712         -177189.742928          45269.2612737          24462.0726515         -1.55144157644        0.0399554010602        0.0207671289784
          74998.9003117         -178875.834692          45311.1604223          24483.8151232          -1.5392772886        0.0368608389011        0.0190949498875
            76106.22773         -180573.579322          45350.2751721          24504.0396748          -1.5271393305        0.0337993080446        0.0174406808221
          77230.0402172         -182282.972608          45386.5501108          24522.7162379         -1.51502737228        0.0307705038969        0.0158041566756
          78370.5827443         -184004.013873          45419.9291498          24539.8143747         -1.50294103597        0.0277741144343         0.014185208338
          79528.1024292         -185736.697631          45450.3553208           24555.303173         -1.49087995467        0.0248098351428         0.012583670768
           80702.845849         -187481.009526          45477.7707272          24569.1512219         -1.47884379904        0.0218773752747        0.0109993863732
          81895.0709535         -189236.943894          45502.1168189          24581.3267509         -1.46683215524        0.0189764280454       0.00943218890826
          83105.0336351         -191004.483588           45523.334053          24591.7974574         -1.45484466381         0.016106704596       0.00788192182362
          84332.9952967         -192783.611074          45541.3620665           24600.530594         -1.44288094223        0.0132679150606       0.00634842803714
          85579.2221408         -194574.307131          45556.1396326          24607.4929456         -1.43094059355        0.0104597707883       0.00483155113451
          86399.9999997         -195745.602558          45563.9795977          24611.0560619         -1.42318411675       0.00864900771921       0.00385346392479
